8508490605480029
4943600187664170
5924648121199682
4046682545163132
2553558666329973
3802845143722321
4578021107483504
0290953887130105
6210069740226632
3012238254404927
5019130116789634
2150882533244064
4077543819461556
2603488523676293
6241487872042247
4963731779278786
5481428897308981
2742597149649817
6646695665821644
3730106084469454
9851579173174682
2989583085988467
2619308101007350
1385388338549227
6088438494063829
3401352512513497
5986285217450714
5229186499376433
2129309654696241
4568339830665691
0430132686804440
1362398206378437
1795377141228366
8413662126922355
1225117388031948
5417821129025035
9438192193705171
0653355105336534
6537888500009011
6503584817199013
4181970151358431
7079327273621681
6194825804764049
9145587324743150
6918901921786704
6888419258380984
8460853284842324
4562092389706376
0674817372152165
9721708338938410
8361371110901136
4332305631511711
5349727765741151
2318696561899566
8555658184162519
8213286028953815
0308404918620291
3531357607496923
1717195724105162
4556349831210846
3030423942253328
3685949682210550
6518002751205262
5993943782597218
3299014298179583
8497862850266041
0370644552334493
7399532178545230
3491437528915041
1366839634120792
9892857519788589
5038536289820092
0393311052728171
1231480296238429
4399701194876923
6659418226719232
9219376438807445
3061311699024129
6514214449867914
1817121258932438
6928814065157185
9653363733746113
3930709659357581
1626956083744145
6485135703809611
4885048543642822
3700469460217624
1897083257818546
3823005958368228
1130364588743367
3329669859411765
0370157231953529
4726302243469947
5157746302935018
7538300742867802
5316485064223733
