3122107181204631
4062010717821214
3358446993226147
6346704171010839
1609563500165854
0550125828766864
0521503683485415
2319730664191970
0311391812006762
3634202928753069
8949190237515252
2175356209036167
7575693318263402
1176677470639607
5516015665677503
0978904848024734
9104578188824696
9868657561409931
3480595815320206
5038416827242247
1745039846594401
2765043173921103
3503273304079863
9495280377691423
5770372568701655
7637711075553427
6574994915748433
7899330809739363
5416103195697015
9713547380921470
2036493937938557
8688480250548542
4233352075431633
2371955406845323
8078730713261809
